24779420
26769705
26529322
20852021
26342082
23990787
25386169
29150592
31548684
31131706
23617571
30044771
14722082
30410052
21642398
24637327
28747316
17339216
25846564
28874473
25644834
30291809
32839469
8007987
16102007
23033470
2217467725644834
2564483427094327
15155676
20889719
25758923
25333987
28296081
28287158
26524547
22028654
22216007
23945004
25040476
24349499
21145408
17371837
20417140
21664475
20675579
9685394
8126004
9644202
9368075
9349701
25299517
17427815
17324274
16645096
21383978
25314920
9770551
25901357
9927411
109392629742203
34155201
27594426
31390575
35038916
25802338
20807207
34956312
36877739
19428669
35623558
23181666
35083215
24086138
20169188
36403748
30703164
28618269
33997710
36006241PMID
35301756
28288121
28376558
35257658
28759593
34604117
19765590
23437009
36162149
26292257
20037583
34780541
35995671
28604779
20439460
35404079
27381095
21060817
35140336
29642957
32975363
35626703
9267031
34289894
16051382
31772212
7935618
34494883
22144892
34832620
19165333
16879648
8479460
25615740
30133543
35427579
3887156
21205898
31951090
36006241
24841368
25640905
35277503
16468982
20887733
15591202
38261617
26946524
38465236
20571080
28419631
34612205
27503796
27427910
31552198
34147682
36761022
25168745
27060339
35490588
31911494
30976120
38278808
36142209
37398139
38075902
38376248
36326242
37269286
18364711
21193548
11152613
15223320
7935607
7962051
857732119497128
9649425
20470834
1435864
25763714
27812217
16785229
24260187
12969377
15388875
20349119
20382188
10783393
23423918
20660476
23285111
20678187
20675580
8719249
19956997
25724722
24741115
16135234
32544189
26746239
21829589
16467378
22396527
21232540
20601430126519549786920
9070279
9671824
12649499
9858640
3830153
11854272
8433721
9653123
11447124
8459836
28871083
15294911
8432727
9165063
9468133
33168716
32422275
20132449
7274454
31992784
21531872
26500280
3745171
15544163
15694484
31795916
19443056
10514517
19911988
16481395
11864997
