23637177
21211721
9560434
12228245
9443941
9491068
19911988
15294911
10481090
9160843
9653123
12969377
9829921
15231838
25314920
8552101
9301023
12857860
9008158
7.93561E+14
8843440
12052239
7866389
17427815
31501530
9588904
16150897
7935607
18250077
36403748
8479460
12175335
21205898
18243101
8626613
8599931
14668021
20675580
20889719
16679459
19428669
11291848
1.09393E+14
16051382
28376558
9070279
9326262
8300229
8887647
16467378
32422275
8343597
9812975
9373946
2564483427094327
3417041
7274454
35301756
20675579
9689085
20132449
12927542
21499259
8420963
20601430126519549786920
24014766
8242742
10783393
21145408
9045817
9259321
23945004
25758923
8973172
20887733
19220289
26919666
20040490
8459836
8550628
11270572
8515773
9469821
26524547
22198472
17822964
25168745
19633296
8065317
10514517
32946682
10514494
20375342
26946524
9.43069E+14
15694340
25640905
8719249
38158037
16645096
7196361
9084405
23043140
22570076
4290562
8521805
36006241PMID
32134001
16289132
9551897
17956975
17379854
21531333
25040476
15544163
8618919
387449
21193548
22487192
9727493
7935618
21664475
21666676
9427389
21531872
9685394
34407985PMID
9644202
16785229
17339216
20852021
9475405
29642957
9119407
3830153
12527359
28288121
23423918
2217467725644834
8114829
35623558
21893222
18386826
20435740
26203154
20823067
15694484
15591202
3745171
1661081
15155676
9622350
35995671
12887896
16481395
28525741
14555656
8126004
17371837
8219072
19956997
12850498
15590634
26261323
15223320
9389648
7559354
26500280
8942632
8382769
19797662
8793615
8755617
36126653
7789266
11152613
35490588
1700476
17011755
7537337
3887156
9819391
30833359
32086363
11705974
22903030
9406612
26342082
9211912
7027255
9023104
8.57732E+14
16135234
19429779
9649425
9349701
15210934
7698660
11738085
8821744
9165063
18434369
8948590
9525904
33176152
9.19933E+14
8670134
15116432
9671824
8007987
8433721
11336495
9697864
9267031
18981481
12051826
21151115
18033289
22323601
1736396719497128
11459817
9770551
28296081
17459944
36162149
9852044
9374870
28419631
932008
14722082
9468133
1435864
9927411
17221359
37398139
17369299
8161555
15989954
16468982
11447124
9014365
15388875
23629708
10071224
10409760
12649499
9147133
29949770
23221899
9368075
25615740
18211963
9628740
21642398
20439460
7890048
26769705
11854272
8918878
24741115
34147682
9130447
10399916
19309455
16454858
21164014
14550786
16102007
6273154
8766574
10601204
8698857
9707531
37269286
8117664
20037583
9535079
12551942
35427579
14980202
9858640
19443056
22209456
25846564
19765590
20470834
