11733572
11781362
11864997
1310320
14657221
14670085
14709539
14737184
14769857
15184503
15230980
15519997
15533999
15534694
15554964
15722485
15773982
15863726
15939796
16091631
16322767
16428245
16470937
16489263
16507167
16552442
16600899
16652171
16687655
16714448
1674943
16824097
16839200
16861742
16879648
17000865
17000879
17012283
17026746
17040128
17043136
17043361
17083274
17275302
17299722
17311474
17319967
17324274
17367780
17389644
17487282
17534427
17573815
17604309
17604452
17784785
17880264
17940093
17971081
17983269
18032430
18069893
18179414
18218136
18248092
18286177
18320051
18364711
18381290
18421378
18430140
18437218
18442996
18452513
18452584
18462016
18462019
18474626
18489261
18509478
18545648
18547337
18547390
18551171
18551173
18551176
18554326
18554328
18557814
18597556
18611951
18614010
18625069
18631159
18635358
18650444
18652651
18663012
18680523
18688278
18691183
18699867
18713834
18761621
18765290
18786142
18814053
18827878
18937849
18951088
18974864
19006817
19015045
19016791
19019164
19040629
19043568
19047746
19055720
19055746
19064257
19066473
19070634
19073187
19074134
19103232
19105172
19117944
19119419
19136460
19148273
19154328
19172295
19172753
19183277
19200725
19206106
19214190
19217358
19239622
19266084
19270070
19291169
19321500
19327993
19344311
19345190
19372164
19375431
19386623
19393161
19393219
19399183
19402747
19404387
19427882
19428659
19435497
19436713
19438514
19444208
19450731
19450734
19463063
19465059
19497128
19503825
19504625
19525551
19529758
19536257
19555456
19555771
19561073
19563901
19576251
19591883
19596809
19642995
19646907
19662167
19675652
19682250
19707292
19714224
19715599
19730695
19745116
19755168
19759911
19772588
19778960
19779551
19779567
19798425
19811500
19816560
19816792
19818013
19819358
19827093
19834910
19895577
19932717
19945457
19948486
19968788
19968861
20007323
20011126
20019084
20027295
20041202
20041210
20042123
20052285
20060921
20070944
2007860
20109450
20138580
20140196
20145708
20147461
20153321
20164191
20169188
20195509
20206282
20223293
20231285
20231876
20231904
20232156
20300570
20300604
20338198
20345655
20349119
20360736
20382188
20384695
20392699
20398210
20403364
20403390
20415594
20419108
20433738
20444260
20444878
20454615
20466936
20485517
20493843
20497506
20543849
20545846
20571080
20582613
20584882
20601430
20614016
20618945
20624217
20637498
20653091
20659504
20660476
20678187
20693986
20700541
20724435
20728476
20730094
20737428
20800092
20807207
20808899
20838623
20843317
20883728
20884691
20886215
20887755
20923419
20949076
20968298
20976196
21060817
21060846
21075148
21076155
21085601
21098233
21111007
21124988
21129192
21144880
21156173
21166904
21166905
21187892
21203490
21203515
21208463
21209325
21221248
21232540
21239486
21249169
21264253
21269335
21276093
21282103
21283544
21306439
21321019
21354799
21364675
21383978
21396364
21408004
21419104
21437209
21445236
21474072
21483790
21505708
21511048
21512583
21530591
21540243
21549601
21569184
21573242
21575184
21586647
21593210
21676215
21689631
21690250
21695207
21698217
21700207
21713010
21726406
21747717
21749487
21756354
21760783
21764780
21811616
21820070
21829325
21829589
21843869
21844307
21848587
21858231
21860664
21886818
21899698
21909261
21931845
21949125
21951709
21957477
21998194
21998306
22005844
22006844
22024471
22028654
22073120
22080952
22090345
22096101
22113196
22114559
22142782
22144892
22145027
22164221
22167473
22174676
22174677
22186015
22188458
22192698
22216007
22220754
22246776
22249178
22253594
22253597
22253901
22265407
22276126
22285468
22293287
22326920
22329999
22355359
22355528
22359502
22366449
22375793
22379140
22383885
22384266
22396527
22438810
22479457
22496666
22532828
22543238
22568620
22589718
22606314
22609302
22619756
22640832
22649617
22654659
22662216
22665950
22670848
22676716
22685587
22690377
22737069
22757963
22761575
22761895
22787278
22787279
22819059
22840392
22848665
22876186
22882910
22885299
22891265
22900071
22909030
22912579
22912882
22941664
22952822
22957089
22970262
22970302
22982544
22992734
23028336
23028789
23033470
23049965
23056243
23093935
23133381
23133390
23139737
23139764
23140133
23144823
23166499
23170970
23171549
23181666
23185236
23185322
23190769
23197789
23222131
23245327
23250440
23285111
23308157
23320541
23326476
23326533
23326569
23340228
23341961
23361006
23361461
23382685
23382864
23414762
23418676
23434509
23437009
23443558
23451133
23490206
23526879
23533609
23544094
23572557
23587146
23608319
23613980
23617571
23626810
23633946
23635522
23638200
23638681
23661646
23663475
23666624
23684590
23720756
23720757
23734739
23750752
23773015
23773966
23776565
23785288
23805133
23805304
23805309
23823717
23837822
23895281
23937520
23950716
23962112
23966855
23974437
23990561
23990787
24040327
24043471
24043620
24043627
24047207
24058559
24086138
24090929
24108241
24155896
24164479
24212193
24223931
24237419
24244852
24250748
24257747
24260187
24267450
24275162
24281718
24281719
24284631
24305511
24322299
24330260
24331467
24336212
24349499
24352242
24371134
24372851
24391504
24406902
24434517
24451586
24453970
24453978
24470144
24489949
24496790
24498355
24521882
24533860
24550396
24570481
24571085
24572369
24582333
24586983
24587025
24602217
24605883
24622840
24637327
24651068
24658579
24674379
24681902
24699810
24699906
24705170
24742318
24745605
24747974
24779420
24782313
24786226
24792668
24830312
24841368
24843028
24850912
24855263
24877144
24887026
24892844
24911595
24913268
24922533
24945722
24962368
24983235
24983468
24989795
25011110
25011111
25017910
25025778
25032958
25043010
25050549
25058848
25062022
25064607
25070106
25088010
25092656
25106850
25110576
25116855
25121747
25126794
25154861
25157665
25180513
25188378
25225164
25231350
25257508
25261592
25266856
25275454
25299517
25322084
25333987
25340392
25356803
25367138
25378409
25387830
25395010
25418785
25422853
25426852
25474309
25475193
25495792
25503798
25522250
25524563
25524641
25539953
25565321
25599609
25602169
25644834
25691595
25691625
25703704
25714685
25717325
25724722
25736289
25763714
25784696
25784701
25786000
25801605
25802338
25808593
25843709
25873624
25874676
25875512
25883090
25894322
25900212
25901357
25931509
25938776
25940618
25946070
25959766
25999923
26002718
26018192
26039593
26043892
26045295
26083397
26085270
26087243
26087349
26090847
26112892
26117548
26118996
26133384
26149123
26173178
26187846
26187993
26197240
26202015
26213976
26224545
26259900
26267894
26287607
26292257
26315106
26317863
26325183
26354423
26375591
26378228
26389126
26408859
26415947
26427558
26438292
26466679
26468747
26474309
26526684
26529322
26537493
26540393
26565797
26566222
26612952
26629826
26639022
26647378
26648919
26731263
26735921
26743001
26746239
26749104
26763910
26772749
26786069
26791088
26796412
26809064
26829485
26833087
26840427
26845441
26891179
26894764
26902486
26916885
26946399
26984294
26988354
26991453
27002830
27009204
27014229
27015086
27022937
27027296
27038925
27053680
27058598
27060339
27060451
27062077
27083421
27094327
27118591
27121004
27128092
27129434
27144456
27151551
27164085
27168148
27168322
27203180
27225289
27226583
27231094
27253881
27277538
27303372
27303712
27316546
27324409
27339640
27339728
27348424
27369382
27381095
27381290
27383149
27385340
27409081
27427910
27434123
27458998
27498700
27503796
27504497
27525262
27548283
27551151
27555062
27556547
27578752
27594426
27602946
27606425
27614020
27616047
27624133
27642791
27644158
27653778
27693349
27694132
27694804
27694982
27703008
27707801
27708385
27714937
27727302
27732881
27768707
27777305
27779220
27788136
27795395
27795405
27812217
27818095
27820863
27824087
27832590
27851824
27863903
27874068
27935965
2793936
27941860
27982038
27991487
28028545
28033429
28034897
28049148
28052114
28066366
28067322
28067475
28079132
28106035
28114397
28115054
28118506
28122000
28148555
28168222
28178358
28178359
28186186
28192532
28193733
28195530
28198449
28202027
28205520
28211852
28216645
28226242
28252383
28252384
28262680
28285440
28287158
28320404
28334017
28351409
28351924
28357206
28357258
28378857
28383050
28406895
28414727
28428983
28430827
28435533
28446690
28454557
28462015
28481199
28483525
28501989
28516956
28525314
28552953
28553273
28559405
28578314
28593938
28604779
28609481
28611247
28615656
28618269
28623292
28627360
28628654
28678779
28679527
28680058
28683142
28691708
28701714
28727848
28729672
28732045
28743811
28745020
28747316
28759593
28776040
28787542
28790316
28791254
28792096
28810863
28814742
28819113
28826494
28827635
28827831
28836704
28842684
28851956
28871083
28874473
28874661
28893907
28894103
28916755
28944300
28983103
28985225
29030567
29070841
29073264
29074774
29082232
29089429
29091964
29107946
29124138
29132428
29138437
29141210
29146974
29150592
29152581
29163439
29165709
29178204
29184852
29186511
29194441
29197418
29216308
29233900
29241041
29242833
29244877
29265590
29269729
29276048
29287109
29293520
29299530
29311576
29316140
29324251
29326268
29326680
29330527
29343748
29346416
29348637
29354648
29355496
29359180
29362237
29385523
29386353
29389961
29396461
29404413
29410428
29413965
29425238
29434039
29435408
29449551
29459732
29474435
29481567
29483266
29487234
29487358
29503181
29507322
29507891
29509772
29514930
29515531
29530930
29539423
29564399
29582527
29588408
29590075
29603841
29609625
29618731
29626111
29631126
29632205
29642910
29661850
29664138
29672041
29698456
29726301
29748198
29768491
29774204
29781112
29813135
29813136
29844242
29866033
29867907
29891974
29912472
29914511
29925672
29931198
29954393
29965959
29970464
29985421
30005062
30007364
30026605
30044771
30045883
30050042
30052120
30053874
30059535
30068562
30080909
30092030
30097558
30102727
30110072
30120147
30133543
30150733
30150771
30174152
30183110
30204084
30208112
30209069
30212465
30228243
30232409
30235972
30248370
30265714
30291809
30297725
30302029
30304493
30342119
30346997
30355670
30365568
30367865
30379851
30380080
30386790
30392480
30404939
30406129
30407533
30410052
30420498
30429842
30496294
30503212
30541825
30544166
30544263
30545367
30547015
30550896
30552383
30563898
30580023
30589893
30592748
30596727
30635574
30647154
30673768
30696744
30697200
30703164
30726238
30728284
30728406
30761093
30761251
30787119
30792701
30794532
30804381
30810527
30858840
30888318
30890602
30894487
30911042
30947298
30976034
30976048
30976120
31024761
31043451
31043517
31043520
31065005
31075098
31087747
31091716
31094037
31097714
31118298
31125575
31127277
31128470
31131706
31147720
31148576
31150492
31158222
31161731
31164473
31171708
31202684
31239372
31249561
31263575
31269895
31270172
31283102
31289175
31289187
31322501
31337750
31339607
31341002
31348803
31348812
31350892
31363031
31370870
31373203
31384004
31390575
31391278
31391279
31391282
31392978
31409625
31411946
31413174
31434747
31454137
31469232
31491036
31492901
31515877
31537845
31548684
31552198
31553751
31557263
31558727
31568532
31594816
31600347
31616399
31621333
31658303
31671578
31710293
31723180
31728527
31736226
31737630
31744473
31766407
31772212
31795916
31797898
31797966
31817479
31848371
31872112
31900175
31915223
31921090
31940254
31942933
31951090
31961865
31964736
31964820
31968257
31992784
32017676
32019597
32047203
32049018
32068297
32069335
32075879
32075883
32084124
32095321
32098816
32098818
32109369
32111164
32144363
32165544
32179747
32184243
32184264
32198457
32248693
32256353
32266165
32266171
32273496
32284562
32295845
32310999
32313230
32318061
32321822
32334612
32352241
32359426
32363014
32373549
32388269
32395856
32407410
32427965
32427974
32469313
32471507
32487758
32487761
32488076
32493727
32501284
32512819
32518185
32525871
32544189
32552779
32569299
32571817
32584995
32591529
32609721
32618070
32636411
32648541
32661312
32669539
32670896
32678064
32681115
32736136
32743132
32762689
32764664
32764679
32788384
32815516
32816370
32817103
32817376
32817449
32839469
32849441
32867812
32897188
32900800
32936798
32936835
32957994
32968006
32968076
32975363
32975513
33017394
33024030
33024034
33051364
33082260
33084070
33101372
33104188
33106323
33124706
33135521
33145997
33146242
33151931
33168716
33174373
33184408
33195197
33209191
33214620
33219324
33222390
33225957
33231678
33239368
33277479
33287434
33287958
33293381
33303633
33356857
33364531
33368818
33370279
33370417
33372863
33403715
33406257
33415107
33441725
33472984
33479315
33495622
33500341
33514624
33515807
33524071
33536326
33536327
33536500
33537025
33537242
33562124
33589495
33593973
33604307
33608523
33630938
33633135
33633712
33651838
33660774
33688001
33705380
33712726
33715347
33720927
33740894
33744953
33762339
33768012
33774908
33790470
33790879
33791240
33879640
33906919
33906926
33910989
33915113
33921809
33932049
33934569
33952658
33974939
33975947
33981864
33997710
34001876
34031901
34059712
34066565
34155201
34160238
34162332
34201883
34229573
34233174
34268135
34285314
34289370
34289894
34291805
34301597
34324601
34324609
34339271
34342640
34348113
34365503
34375637
34380472
34400833
34403450
34403698
34407985
34410224
34460867
34494883
34557282
34584166
34585966
34604117
34607458
34607461
34609160
34612205
34614006
34673764
34675283
34695132
34710198
34730376
34730409
34750454
34756057
34764269
34781731
34832608
34832620
34869084
34879056
34917046
34946988
34956312
34956931
34962966
34973333
34976861
34982775
34987497
34998927
35004345
35013170
35038916
35042884
35050001
35053269
35073760
35083215
35087229
35140336
35164549
35179882
35192672
35196127
35197365
35202655
35210361
35234488
35257658
35273922
35277503
35288749
35293314
35308400
3533951
35341317
35393572
35403274
35404079
35404116
35413952
35447115
35473297
35493110
35521513
35534671
35557691
35601106
35626703
35697071
35709300
35713098
35758748
35793904
35862778
35879525
35887110
35900985
35906227
35947628
35961464
35972967
35984838
36006241
36030238
36040030
36084128
36108742
36121853
36142209
36200752
36262330
36271293
36326242
36416583
36422017
36445092
36475771
36516161
36548771
36574460
36601868
36696432
36697414
36723430
36761022
36779720
36809010
36836283
36836353
36840583
36847358
36876065
36877739
36879823
36883818
36896644
36923588
36966423
37075046
37075064
37080389
37082713
37098889
37116705
37173314
37207342
37222596
37227051
37285346
37363924
37365160
37369212
37374893
37377417
37432019
37462076
37493629
37500616
37502396
37526476
37561787
37645016
37671881
37701516
37723578
37744106
37750683
37754674
37760005
37769015
37780854
37791798
37793775
37819761
37843297
37891489
37917600
37929974
37933972
37998902
38010000
38014938
38015416
38032185
38048294
38072057
38075902
38132782
38206035
38239503
38247818
38248926
38256088
38259065
38261617
38276029
38276033
38278808
38376217
38376248
38380913
38427950
38446018
38465236
38587411
38592962
38625945
38632999
38641593
38682948
38724513
38739655
38742909
38743788
38755250
38776129
38786671
38790632
38860767
38861404
38874344
38887798
38903792
38904381
38905306
38921373
38921377
38938582
38949302
38980069
38982056
39078139
39078851
7962051
8006589
8421054
8432727
8478608
